93 92
53 80
41 16
57 51
65 27
51 79
72 84
97 97
0 69
97 74
31 67
39 17
12 32
33 82
84 52
86 36
97 43
30 7
53 88
17 17
19 79
78 18
14 36
26 98
76 42
87 50
89 0
33 97
55 96
60 60
7 6
65 86
68 3
45 25
96 39
68 86
53 67
19 2
21 76
74 70
69 52
52 59
95 84
3 33
99 63
2 54
92 39
39 64
30 2
68 32
5 27
30 2
90 54
97 11
38 2
53 88
4 82
32 97
76 21
5 83
90 2
39 29
50 20
35 73
19 90
6 64
10 54
38 29
88 96
21 28
30 15
63 94
98 62
45 2
62 25
41 66
46 86
63 98
60 93
9 8
9 76
47 25
54 94
31 21
21 27
33 93
84 99
2 56
0 58
2 67
43 86
85 1
54 81
0 74
99 55
5 22
31 39
58 0
47 42
49 43
33 32
6 51
45 35
74 21
78 85
85 48
31 39
54 73
12 30
30 19
24 76
26 48
28 19
55 43
16 46
57 0
92 72
94 94
51 68
38 20
79 37
76 86
41 6
96 92
46 27
95 55
55 96
46 54
82 63
22 43
23 73
57 20
77 14
44 0
32 64
70 52
49 58
72 32
95 52
90 4
4 46
20 48
87 54
42 24
88 53
81 18
33 53
76 45
98 50
29 84
76 6
91 94
76 55
6 88
0 66
86 13
97 4
82 26
76 63
35 33
10 51
76 7
2 83
88 65
72 16
99 29
94 79
47 51
1 12
61 55
5 98
93 74
66 49
63 4
12 90
75 14
27 79
57 66
78 17
80 26
59 31
42 40
57 46
22 51
7 67
28 96
58 65
79 50
14 38
55 3
93 30
57 92
97 26
29 5
55 41
99 70
17 18
27 66
40 20
68 49
